| 4            |
| 1            |
| 4            |
| 3            |
| 3            |
| 6            |
| 4            |
| 3            |
| 4            |
| 9            |
| 4            |
| 2            |
| 1            |
| 5            |
| 6            |
| 5            |
| 8            |
| 4            |
| 4            |
| 2            |
| 4            |
| 3            |
| 2            |
| 8            |
| 4            |
| 4            |
| 3            |
| 2            |
| 4            |
| 1            |
| 9            |
| 9            |
| 3            |
| 3            |
| 1            |
| 8            |
| 1            |
| 2            |
| 3            |
| =moa(A1:A39) |
